2
8
20
25
27
33
34
49
78
79
98
101
103
104
115
124
127
134
136
137
139
2528
2534
2536
2537
2543
2554
2560
2576
2582
2584
2585
2588
2590
2595
2597
2600
2601
2606
2607
2608
2609
2622
2623
2632
2633
2637
2644
2646
2651
2657
2660
2668
2683
2686
2692
2697
2704
2705
2708
2711
2719
2724
2736
2741
2745
2750
2751
2755
2757
2771
2776
2780
2783
2788
2790
2792
2795
2813
2820
2821
2826
2834
2836
2838
2858
2860
2878
2881
2884
2893
2918
2923
2925
2969
2980
2995
3000
3001
3003
3006
3007
3013
3015
3063
4517
5154
6978
7047
7144
7337
7806
7980
8060
8089
8100
8101
8116
8336
8435
8567
8686
8715
8875
8881
8882
8885
9007
9151
9905
10074
10651
10859
10990
11125
11133
11294
11417
11666
11701
11835
11854
11885
11888
11900
11907
11912
11920
11938
11957
12175
12187
12196
12197
12227
12423
12438
12578
12613
12689
12703
12724
12765
12824
12849
13085
13089
13140
13572
13651
16334
17533
17937
18735
18876
19045
19251
19385
19499
22843
